0.80 103.66	26.523102826510755
0.80 36.16	16.081395113230005
10.45 107.18	27.193983566940528
12.05 77.26	21.803032514271475
12.05 8.22	26.14053689715282
13.66 38.81	24.65697137404582
13.66 80.09	28.417858452950618
13.66 99.91	27.164733303650937
15.27 120.83	26.44833448787727
15.27 17.50	24.6275202991453
15.27 32.50	29.08129128959279
15.27 47.50	21.727594942748105
16.87 78.70	26.86933492822962
16.87 95.44	26.735192733017332
18.48 30.42	20.20784201183434
18.48 69.30	25.976776619845968
18.48 72.68	26.63145215311009
18.48 74.37	24.64461523125997
2.41 45.80	27.151963668850478
20.09 44.36	21.071396469465668
20.09 98.96	15.717422377622391
21.70 38.94	27.692066017315984
21.70 73.56	26.330856459330143
21.70 78.75	25.655016347687415
23.31 112.72	21.608684261036487
23.31 42.82	23.78891555343511
23.31 46.31	19.69936784351144
23.31 72.52	26.52985294117646
23.31 88.25	26.042152053712375
23.31 90.00	25.490567930489735
24.92 122.36	22.21244084983098
24.92 46.11	25.263330179282857
24.92 67.39	26.017259036144537
26.52 75.22	25.39305794080863
26.52 80.60	24.760040783034288
28.13 77.27	25.165860902255645
29.74 107.08	16.844962073931832
29.74 114.46	16.83094401544397
29.74 31.38	20.98010951605736
31.35 103.66	10.638042143838751
31.35 118.74	15.602052123552115
31.35 120.63	15.969511583011563
31.35 30.16	20.312617029257304
31.35 73.51	24.138396543446888
32.95 18.19	16.079079551521613
32.95 45.00	22.614345689655135
32.95 6.70	17.184157858613602
32.95 69.89	5.692276842105254
34.56 108.97	11.48714769520226
34.56 118.70	15.878038442083962
34.56 136.22	14.755066502463041
34.56 151.78	17.002298889425372
34.56 70.05	14.342918906176328
36.17 117.35	13.089813819577722
36.17 139.23	12.55599752475246
36.17 37.79	17.370587333602252
36.17 59.67	12.571992111368894
37.78 111.86	7.976806144526186
37.78 113.90	11.579373362445422
37.78 126.10	10.681884541984735
37.78 144.41	13.374303821964196
37.78 26.44	17.27806457800512
39.38 116.53	11.80938324652776
39.38 120.69	10.229076814988277
39.38 33.29	10.392117147707967
4.02 15.27	23.86644092219019
4.02 40.98	27.008639541892737
4.02 74.73	20.002264618434108
4.02 76.34	21.797027204030226
40.99 123.55	7.214979990904943
40.99 29.82	13.507409033480714
40.99 4.26	11.448704042956415
40.99 74.56	9.523295607566524
42.59 13.09	11.965501895135827
42.59 87.27	10.070643744030553
44.20 125.22	4.923797927461135
44.20 80.50	5.773911174785094
45.81 125.77	3.625744065602066
45.81 72.69	4.4450136899076815
49.03 2.45	10.402644346178123
5.63 106.55	26.508209686003237
5.63 3.23	26.363751343705847
50.63 31.69	7.041032849020834
52.24 0.00	9.45903790271634
52.24 13.14	8.916233733417542
55.45 36.85	3.999710675931785
60.27 29.19	3.918044535691713
7.23 112.70	26.809904204364013
7.23 39.73	25.74467150063053
7.23 4.05	26.373105171411925
8.84 13.78	23.693045533141145
8.84 38.11	17.525072662298946
