1750	NaN
1751	NaN
1752	NaN
1753	NaN
1754	NaN
1755	NaN
1756	NaN
1757	NaN
1758	NaN
1759	NaN
1760	NaN
1761	NaN
1762	NaN
1763	NaN
1764	NaN
1765	NaN
1766	NaN
1767	NaN
1768	NaN
1769	NaN
1770	NaN
1771	NaN
1772	NaN
1773	NaN
1774	NaN
1775	NaN
1776	NaN
1777	NaN
1778	NaN
1779	NaN
1780	NaN
1781	NaN
1782	NaN
1783	NaN
1784	NaN
1785	NaN
1786	NaN
1787	NaN
1788	NaN
1789	NaN
1790	NaN
1791	NaN
1792	NaN
1793	NaN
1794	NaN
1795	NaN
1796	NaN
1797	NaN
1798	NaN
1799	NaN
1800	NaN
1801	NaN
1802	NaN
1803	NaN
1804	NaN
1805	NaN
1806	NaN
1807	NaN
1808	NaN
1809	NaN
1810	NaN
1811	NaN
1812	NaN
1813	NaN
1814	NaN
1815	NaN
1816	NaN
1817	NaN
1818	NaN
1819	NaN
1820	NaN
1821	NaN
1822	NaN
1823	NaN
1824	NaN
1825	NaN
1826	NaN
1827	NaN
1828	NaN
1829	NaN
1830	NaN
1831	NaN
1832	NaN
1833	NaN
1834	NaN
1835	NaN
1836	NaN
1837	NaN
1838	NaN
1839	NaN
1840	NaN
1841	NaN
1842	NaN
1843	NaN
1844	NaN
1845	NaN
1846	NaN
1847	NaN
1848	NaN
1849	NaN
1850	1.9643333333333335
1851	2.2039166666666667
1852	2.337
1853	1.8924999999999998
1854	1.7621666666666673
1855	1.7028333333333334
1856	1.5250833333333336
1857	1.8568333333333333
1858	2.11075
1859	2.4601666666666664
1860	2.3441666666666667
1861	2.26275
1862	2.4827500000000002
1863	2.7670833333333333
1864	2.4101666666666666
1865	2.551833333333333
1866	2.4322500000000002
1867	2.4636666666666662
1868	2.369666666666667
1869	2.165083333333333
1870	2.4248333333333334
1871	2.1579999999999995
1872	2.1874166666666666
1873	1.9040833333333331
1874	2.0616666666666665
1875	1.6141666666666665
1876	2.134666666666667
1877	2.6485833333333333
1878	2.981666666666667
1879	2.0789166666666667
1880	2.054416666666667
1881	2.426416666666667
1882	2.2725833333333334
1883	1.8801666666666665
1884	1.6477500000000003
1885	1.87425
1886	1.9711666666666663
1887	1.9069166666666666
1888	1.9540833333333334
1889	2.3480833333333333
1890	1.8507500000000003
1891	1.9055
1892	1.9816666666666667
1893	1.9071666666666667
1894	2.12375
1895	2.075833333333334
1896	2.11475
1897	2.2940833333333335
1898	2.153
1899	2.430083333333333
1900	2.5756666666666668
1901	2.4904999999999995
1902	2.20375
1903	2.283333333333333
1904	2.1710833333333333
1905	2.3432500000000003
1906	2.4864166666666665
1907	2.0031666666666665
1908	2.17475
1909	2.157583333333333
1910	2.157666666666667
1911	2.2501666666666664
1912	2.201
1913	2.3190833333333334
1914	2.6870833333333333
1915	2.64375
1916	2.2624999999999997
1917	2.0195833333333333
1918	2.1856666666666666
1919	2.4510833333333335
1920	2.4457500000000008
1921	2.6770833333333335
1922	2.433333333333333
1923	2.4562500000000003
1924	2.5061666666666667
1925	2.5415
1926	2.768583333333334
1927	2.535249999999999
1928	2.66825
1929	2.3010833333333336
1930	2.74
1931	2.818583333333333
1932	2.7625000000000006
1933	2.424416666666666
1934	2.7665833333333336
1935	2.5877500000000007
1936	2.6394166666666665
1937	2.7500000000000004
1938	3.033000000000001
1939	2.8806666666666665
1940	2.890333333333334
1941	2.9148333333333336
1942	2.920083333333334
1943	2.936583333333333
1944	3.0596666666666668
1945	2.7723333333333327
1946	2.8305833333333332
1947	2.964583333333333
1948	2.9154166666666668
1949	2.8021666666666665
1950	2.578583333333333
1951	2.7356666666666665
1952	2.820166666666666
1953	3.1076666666666664
1954	2.8658333333333332
1955	2.8614166666666674
1956	2.56175
1957	3.001
1958	3.1144999999999996
1959	3.1085833333333333
1960	2.932583333333333
1961	3.1287500000000006
1962	3.0085833333333327
1963	3.1575833333333336
1964	2.768833333333333
1965	2.841416666666667
1966	2.8994166666666668
1967	3.037083333333333
1968	2.85725
1969	2.9629166666666666
1970	3.04275
1971	2.9622499999999996
1972	2.8448333333333338
1973	3.370166666666666
1974	2.9009166666666673
1975	3.121083333333333
1976	2.734166666666667
1977	3.2945833333333336
1978	3.170916666666667
1979	3.2000833333333336
1980	3.4046666666666674
1981	3.6359166666666667
1982	3.2399166666666672
1983	3.5524166666666672
1984	3.1867499999999995
1985	3.175666666666667
1986	3.319333333333333
1987	3.431416666666667
1988	3.654
1989	3.3343333333333334
1990	3.65875
1991	3.6221666666666668
1992	3.2635
1993	3.2845833333333334
1994	3.3960833333333333
1995	3.7035
1996	3.3811666666666667
1997	3.5901666666666663
1998	3.949166666666667
1999	3.662333333333333
2000	3.581833333333334
2001	3.7406666666666673
2002	3.864583333333334
2003	3.851583333333334
2004	3.664416666666666
2005	4.113833333333333
2006	3.8648333333333333
2007	4.009250000000001
2008	3.724833333333334
2009	3.7969166666666676
2010	4.0239166666666675
2011	3.827666666666667
2012	3.7561666666666667
2013	3.911333333333332
2014	3.8777500000000007
2015	4.148833333333333
