1743	4.020076923	5.472547945
1744	10.34419231	10.99651027
1745	0.384884615	2.306386986
1750	9.145748252	10.34603743
1751	9.441240385	10.50154044
1752	3.37475641	4.769577465
1753	9.064321429	10.00593004
1754	9.253262821	9.937935244
1755	8.328705882	9.431997921
1756	9.733130952	10.24535639
1757	9.248914773	10.03975565
1758	7.892748603	9.04774672
1759	8.956683333	10.11856024
1760	8.209619318	9.426140513
1761	9.467195122	10.3194501
1762	9.1514375	9.914630252
1763	8.635226744	9.359044681
1764	9.84012426	10.39448228
1765	9.570221591	9.914752599
1766	9.799988889	10.03679527
1767	9.277221591	9.647795005
1768	8.70345	9.274885714
1769	9.386272222	9.798162218
1770	9.359666667	9.851007114
1771	9.422305556	9.871126016
1772	10.00507222	10.49506276
1773	9.969561111	10.33144037
1774	9.91056383	10.13867748
1775	10.06103333	10.85651292
1776	9.552492147	9.882488465
1777	9.329578125	9.740218876
1778	9.551166667	10.11505169
1779	9.782190751	10.45005196
1780	10.51218563	10.44719227
1781	9.560027778	10.65718241
1782	8.649088889	9.595702778
1783	9.148331492	10.34408365
1784	8.666276243	9.66538499
1785	8.68487766	9.492903718
1786	9.160296875	9.629963483
1787	9.560260638	10.5849381
1788	9.180176796	10.35511326
1789	9.667167539	10.39059712
1790	9.708442708	10.71527222
1791	10.96400962	11.38419027
1792	10.53795833	10.90572973
1793	10.42101471	10.85583425
1794	10.78789216	11.17605268
1795	10.19128713	10.72517636
1796	17.96976716	18.0982233
1797	17.97201337	18.13944629
1798	17.30337968	17.46932435
1799	17.84431127	17.88145634
1800	18.1511348	18.26444521
1801	17.37450535	17.50349048
1802	18.61464951	18.68463611
1803	18.1720936	18.24962797
1804	18.46331373	18.58083068
1805	18.01915196	17.96463443
1806	18.21292892	18.35920833
1807	17.20670856	17.30315579
1808	9.918183099	10.02589689
1809	10.688525	10.45259618
1810	10.83233333	10.46746234
1811	11.33829583	11.12392726
1812	10.40189167	10.09067408
1813	17.61959459	17.2059052
1814	16.87479859	16.43762971
1815	17.25734009	17.0233652
1816	17.3598691	16.89213278
1817	17.71767722	17.16836741
1818	17.99778043	17.5495791
1819	17.97104508	17.27062726
1820	17.17663931	16.58638484
1821	16.90179145	16.56972563
1822	17.13429131	16.82166197
1823	16.75864138	16.43167479
1824	17.47520364	17.27702435
1825	18.11188889	17.94338302
1826	17.3668	17.04853261
1827	17.56779715	17.24955552
1828	17.21414235	16.7677908
1829	16.61516146	16.11400306
1830	16.73996986	16.40141061
1831	16.21929965	15.9673248
1832	16.21328521	15.60037294
1833	17.19036921	16.64787846
1834	17.30790774	16.86652445
1835	16.52936756	15.97308331
1836	16.90218779	16.32987116
1837	16.67931202	16.09715287
1838	17.52073625	16.13943684
1839	17.02595745	16.5992647
1840	17.06431744	16.7394174
1841	16.91439397	16.66494834
1842	17.10437427	16.74733903
1843	17.37015576	16.92916138
1844	16.50971201	16.08729466
1845	16.75150528	16.37553562
1846	17.29383452	17.28552728
1847	16.82790595	16.67803685
1848	16.71521786	16.38771721
1849	17.00623536	16.73828248
1850	17.55733873	17.31053132
1851	17.79996429	17.74740906
1852	17.49689447	17.46458675
1853	17.62002564	17.48359468
1854	17.7719684	17.71096201
1855	17.60118795	17.65529351
1856	17.47473178	17.62290107
1857	17.19059863	17.23201044
1858	16.83284255	17.2246026
1859	17.36551885	17.60154099
1860	16.785	17.23756862
1861	16.8576405	17.22188346
1862	14.87611057	14.59099645
1863	15.5567171	15.71188217
1864	15.86194369	15.49806639
1865	16.94048812	17.05812821
1866	17.13154879	17.34089355
1867	17.0932383	17.33746651
1868	17.25405532	17.58048677
1869	17.54021355	17.61575501
1870	17.75816164	17.79430361
1871	17.56631024	17.52119084
1872	17.85914757	17.7860389
1873	18.1883175	18.21541107
1874	18.14819434	18.24230091
1875	18.09273962	18.07047508
1876	18.34903273	18.25770624
1877	18.64184779	18.57407426
1878	18.82725	18.81788002
1879	18.25750756	18.26516572
1880	18.37447094	18.38396481
1881	18.3715256	18.38002714
1882	18.27240921	18.29212041
1883	18.09346422	18.16502673
1884	17.808	17.92791396
1885	17.83768889	17.8841772
1886	18.18622828	18.2195358
1887	18.23834609	18.17319805
1888	18.26925425	18.28334257
1889	18.55346633	18.43218532
1890	18.50305644	18.2877243
1891	18.47451333	18.25252547
1892	18.40668917	18.30679115
1893	18.03614667	18.01579285
1894	18.53309333	18.35247472
1895	18.41772583	18.31831438
1896	18.64129583	18.51943681
1897	18.66871833	18.58247749
1898	18.77986978	18.52786567
1899	18.24830231	18.15161739
1900	19.52438	19.38140435
1901	18.74446083	18.62272354
1902	18.78806	18.58187421
1903	18.57487167	18.42722334
1904	18.33962167	18.29756201
1905	18.45300667	18.34797966
1906	18.5845525	18.51957366
1907	18.31107833	18.22638961
1908	18.42855	18.3260231
1909	18.47587083	18.37067358
1910	18.39935417	18.35833077
1911	18.45572417	18.41960999
1912	18.49917667	18.4297731
1913	18.56686667	18.48392141
1914	18.84384333	18.71696011
1915	18.84971	18.79143088
1916	18.59971083	18.54709044
1917	18.16488667	18.14630806
1918	18.4901825	18.4171716
1919	18.76481917	18.55044333
1920	18.69816417	18.53241568
1921	18.8038625	18.75434024
1922	18.7443375	18.6201878
1923	18.65642917	18.61186039
1924	18.68272167	18.58275849
1925	18.65626333	18.59558728
1926	18.80662167	18.77744194
1927	18.81636	18.69753949
1928	18.9076975	18.73702725
1929	18.6982425	18.48614179
1930	18.91760333	18.77535229
1931	18.89849333	18.74365126
1932	18.91558917	18.79307958
1933	18.600475	18.48843227
1934	18.75105083	18.71294254
1935	18.84492417	18.71403712
1936	18.75203833	18.7262654
1937	18.95543083	18.7852186
1938	18.98612833	18.88997453
1939	18.9937175	18.88256734
1940	18.88296083	18.7238985
1941	19.1889825	19.00398795
1942	18.96886	18.77806971
1943	18.85436833	18.78373045
1944	18.90161917	18.81349862
1945	18.78420583	18.66503535
1946	19.1328125	18.92901481
1947	18.969315	18.94161256
1948	19.02407583	18.94538626
1949	19.01068	18.83619806
1950	18.78464583	18.69151027
1951	18.9967925	18.91658689
1952	19.06860667	18.91673223
1953	19.1350375	19.03136256
1954	18.86268583	18.76357405
1955	18.95087417	18.84796584
1956	18.48092583	18.41807662
1957	18.8578975	18.87299269
1958	19.19379583	19.13837836
1959	19.13737	19.00493918
1960	19.14485833	18.96218108
1961	19.14502167	19.01297749
1962	18.94944167	18.84573144
1963	18.99693083	18.88876758
1964	18.80619167	18.71779759
1965	18.85283583	18.74838033
1966	19.17875417	19.08922275
1967	18.79432667	18.81447156
1968	18.81778167	18.72756793
1969	18.96033833	18.83099289
1970	18.9659575	18.90767852
1971	18.77789833	18.70017911
1972	18.93212667	18.80665818
1973	19.20682333	19.05853653
1974	18.83720833	18.77517615
1975	18.99177	18.8841175
1976	18.69083333	18.62667417
1977	19.14536917	19.05601422
1978	18.9816575	18.84951876
1979	19.2348825	19.09511453
1980	19.06854083	18.99862401
1981	19.11556833	19.02846327
1982	19.06814917	19.01581043
1983	19.1975725	19.11605806
1984	18.96073167	18.84686809
1985	18.99713583	18.91206833
1986	19.04475583	18.9827109
1987	19.40855583	19.2245936
1988	19.3520425	19.25719372
1989	19.22738083	19.1764451
1990	19.50954917	19.43504838
1991	19.271515	19.16655608
1992	19.09105417	19.04568681
1993	19.17823333	19.03078199
1994	19.4729025	19.3654062
1995	19.43988833	19.4392737
1996	19.17184667	19.06112243
1997	19.3501625	19.27450829
1998	19.94603083	19.73974348
1999	19.69895917	19.55290521
2000	19.50624333	19.43995833
2001	19.67935167	19.54146209
2002	19.855685	19.75248539
2003	19.63019667	19.55607346
2004	19.67220417	19.57254463
2005	19.60723917	19.53214376
2006	19.79399333	19.67592141
2007	19.85427	19.73443997
2008	19.60877833	19.49751679
2009	19.83375167	19.72448164
2010	19.91173417	19.74836908
2011	19.54919667	19.46014159
2012	19.66823917	19.59472769
2013	20.2630062	20.12777018