1743	5.472547945
1744	10.99651027
1745	2.306386986
1750	10.34603743
1751	10.50154044
1752	4.769577465
1753	10.00593004
1754	9.937935244
1755	9.431997921
1756	10.24535639
1757	10.03975565
1758	9.04774672
1759	10.11856024
1760	9.426140513
1761	10.3194501
1762	9.914630252
1763	9.359044681
1764	10.39448228
1765	9.914752599
1766	10.03679527
1767	9.647795005
1768	9.274885714
1769	9.798162218
1770	9.851007114
1771	9.871126016
1772	10.49506276
1773	10.33144037
1774	10.13867748
1775	10.85651292
1776	9.882488465
1777	9.740218876
1778	10.11505169
1779	10.45005196
1780	10.44719227
1781	10.65718241
1782	9.595702778
1783	10.34408365
1784	9.66538499
1785	9.492903718
1786	9.629963483
1787	10.5849381
1788	10.35511326
1789	10.39059712
1790	10.71527222
1791	11.38419027
1792	10.90572973
1793	10.85583425
1794	11.17605268
1795	10.72517636
1796	18.0982233
1797	18.13944629
1798	17.46932435
1799	17.88145634
1800	18.26444521
1801	17.50349048
1802	18.68463611
1803	18.24962797
1804	18.58083068
1805	17.96463443
1806	18.35920833
1807	17.30315579
1808	10.02589689
1809	10.45259618
1810	10.46746234
1811	11.12392726
1812	10.09067408
1813	17.2059052
1814	16.43762971
1815	17.0233652
1816	16.89213278
1817	17.16836741
1818	17.5495791
1819	17.27062726
1820	16.58638484
1821	16.56972563
1822	16.82166197
1823	16.43167479
1824	17.27702435
1825	17.94338302
1826	17.04853261
1827	17.24955552
1828	16.7677908
1829	16.11400306
1830	16.40141061
1831	15.9673248
1832	15.60037294
1833	16.64787846
1834	16.86652445
1835	15.97308331
1836	16.32987116
1837	16.09715287
1838	16.13943684
1839	16.5992647
1840	16.7394174
1841	16.66494834
1842	16.74733903
1843	16.92916138
1844	16.08729466
1845	16.37553562
1846	17.28552728
1847	16.67803685
1848	16.38771721
1849	16.73828248
1850	17.31053132
1851	17.74740906
1852	17.46458675
1853	17.48359468
1854	17.71096201
1855	17.65529351
1856	17.62290107
1857	17.23201044
1858	17.2246026
1859	17.60154099
1860	17.23756862
1861	17.22188346
1862	14.59099645
1863	15.71188217
1864	15.49806639
1865	17.05812821
1866	17.34089355
1867	17.33746651
1868	17.58048677
1869	17.61575501
1870	17.79430361
1871	17.52119084
1872	17.7860389
1873	18.21541107
1874	18.24230091
1875	18.07047508
1876	18.25770624
1877	18.57407426
1878	18.81788002
1879	18.26516572
1880	18.38396481
1881	18.38002714
1882	18.29212041
1883	18.16502673
1884	17.92791396
1885	17.8841772
1886	18.2195358
1887	18.17319805
1888	18.28334257
1889	18.43218532
1890	18.2877243
1891	18.25252547
1892	18.30679115
1893	18.01579285
1894	18.35247472
1895	18.31831438
1896	18.51943681
1897	18.58247749
1898	18.52786567
1899	18.15161739
1900	19.38140435
1901	18.62272354
1902	18.58187421
1903	18.42722334
1904	18.29756201
1905	18.34797966
1906	18.51957366
1907	18.22638961
1908	18.3260231
1909	18.37067358
1910	18.35833077
1911	18.41960999
1912	18.4297731
1913	18.48392141
1914	18.71696011
1915	18.79143088
1916	18.54709044
1917	18.14630806
1918	18.4171716
1919	18.55044333
1920	18.53241568
1921	18.75434024
1922	18.6201878
1923	18.61186039
1924	18.58275849
1925	18.59558728
1926	18.77744194
1927	18.69753949
1928	18.73702725
1929	18.48614179
1930	18.77535229
1931	18.74365126
1932	18.79307958
1933	18.48843227
1934	18.71294254
1935	18.71403712
1936	18.7262654
1937	18.7852186
1938	18.88997453
1939	18.88256734
1940	18.7238985
1941	19.00398795
1942	18.77806971
1943	18.78373045
1944	18.81349862
1945	18.66503535
1946	18.92901481
1947	18.94161256
1948	18.94538626
1949	18.83619806
1950	18.69151027
1951	18.91658689
1952	18.91673223
1953	19.03136256
1954	18.76357405
1955	18.84796584
1956	18.41807662
1957	18.87299269
1958	19.13837836
1959	19.00493918
1960	18.96218108
1961	19.01297749
1962	18.84573144
1963	18.88876758
1964	18.71779759
1965	18.74838033
1966	19.08922275
1967	18.81447156
1968	18.72756793
1969	18.83099289
1970	18.90767852
1971	18.70017911
1972	18.80665818
1973	19.05853653
1974	18.77517615
1975	18.8841175
1976	18.62667417
1977	19.05601422
1978	18.84951876
1979	19.09511453
1980	18.99862401
1981	19.02846327
1982	19.01581043
1983	19.11605806
1984	18.84686809
1985	18.91206833
1986	18.9827109
1987	19.2245936
1988	19.25719372
1989	19.1764451
1990	19.43504838
1991	19.16655608
1992	19.04568681
1993	19.03078199
1994	19.3654062
1995	19.4392737
1996	19.06112243
1997	19.27450829
1998	19.73974348
1999	19.55290521
2000	19.43995833
2001	19.54146209
2002	19.75248539
2003	19.55607346
2004	19.57254463
2005	19.53214376
2006	19.67592141
2007	19.73443997
2008	19.49751679
2009	19.72448164
2010	19.74836908
2011	19.46014159
2012	19.59472769
2013	20.12777018