1750	NaN
1751	NaN
1752	NaN
1753	NaN
1754	NaN
1755	NaN
1756	NaN
1757	NaN
1758	NaN
1759	NaN
1760	NaN
1761	NaN
1762	NaN
1763	NaN
1764	NaN
1765	NaN
1766	NaN
1767	NaN
1768	NaN
1769	NaN
1770	NaN
1771	NaN
1772	NaN
1773	NaN
1774	NaN
1775	NaN
1776	NaN
1777	NaN
1778	NaN
1779	NaN
1780	NaN
1781	NaN
1782	NaN
1783	NaN
1784	NaN
1785	NaN
1786	NaN
1787	NaN
1788	NaN
1789	NaN
1790	NaN
1791	NaN
1792	NaN
1793	NaN
1794	NaN
1795	NaN
1796	NaN
1797	NaN
1798	NaN
1799	NaN
1800	NaN
1801	NaN
1802	NaN
1803	NaN
1804	NaN
1805	NaN
1806	NaN
1807	NaN
1808	NaN
1809	NaN
1810	NaN
1811	NaN
1812	NaN
1813	NaN
1814	NaN
1815	NaN
1816	NaN
1817	NaN
1818	NaN
1819	NaN
1820	NaN
1821	NaN
1822	NaN
1823	NaN
1824	NaN
1825	NaN
1826	NaN
1827	NaN
1828	NaN
1829	NaN
1830	NaN
1831	NaN
1832	NaN
1833	NaN
1834	NaN
1835	NaN
1836	NaN
1837	NaN
1838	NaN
1839	NaN
1840	NaN
1841	NaN
1842	NaN
1843	NaN
1844	NaN
1845	NaN
1846	NaN
1847	NaN
1848	NaN
1849	NaN
1850	13.476666666666667
1851	13.081000000000001
1852	13.39733333333333
1853	13.886583333333334
1854	13.977416666666668
1855	13.493166666666662
1856	13.470249999999998
1857	13.43758333333333
1858	13.683
1859	13.860333333333335
1860	13.96025
1861	13.85675
1862	14.247250000000001
1863	13.619916666666667
1864	13.918916666666666
1865	14.298083333333333
1866	14.165916666666666
1867	14.146749999999999
1868	14.097916666666668
1869	14.0695
1870	14.210083333333335
1871	13.983833333333335
1872	14.285083333333333
1873	14.010166666666668
1874	13.8835
1875	14.008416666666667
1876	13.934833333333335
1877	14.430333333333337
1878	14.742166666666668
1879	14.06575
1880	13.913416666666668
1881	14.050416666666669
1882	14.11425
1883	13.96225
1884	13.692083333333331
1885	13.911583333333333
1886	13.9465
1887	13.890083333333335
1888	13.909166666666664
1889	14.294083333333333
1890	13.928916666666664
1891	14.033333333333331
1892	13.970583333333332
1893	13.936666666666667
1894	14.040500000000002
1895	14.077666666666666
1896	14.107916666666668
1897	14.186749999999998
1898	14.231833333333332
1899	14.331583333333334
1900	14.3895
1901	14.512166666666667
1902	14.36425
1903	14.085749999999997
1904	14.063666666666663
1905	14.082166666666668
1906	14.244
1907	13.807833333333333
1908	14.038750000000002
1909	14.026583333333335
1910	14.097333333333333
1911	13.987833333333334
1912	14.053333333333333
1913	14.201749999999999
1914	14.314500000000002
1915	14.474166666666667
1916	14.097166666666668
1917	13.925916666666666
1918	13.961083333333333
1919	14.15633333333333
1920	14.142666666666669
1921	14.424416666666668
1922	14.20525
1923	14.181750000000001
1924	14.223833333333339
1925	14.344333333333333
1926	14.45225
1927	14.297833333333335
1928	14.362166666666665
1929	13.95641666666667
1930	14.326250000000002
1931	14.419749999999999
1932	14.432083333333333
1933	14.078333333333331
1934	14.38425
1935	14.286916666666665
1936	14.314583333333333
1937	14.476333333333335
1938	14.649916666666668
1939	14.594666666666667
1940	14.579083333333335
1941	14.536166666666665
1942	14.53425
1943	14.603000000000002
1944	14.727166666666667
1945	14.438749999999999
1946	14.481500000000002
1947	14.5625
1948	14.615583333333335
1949	14.414666666666664
1950	14.17375
1951	14.43016666666667
1952	14.462583333333335
1953	14.639249999999999
1954	14.286583333333333
1955	14.329083333333331
1956	14.023666666666665
1957	14.381916666666667
1958	14.477499999999997
1959	14.4165
1960	14.317416666666665
1961	14.514916666666664
1962	14.540166666666666
1963	14.612250000000001
1964	14.156833333333333
1965	14.268416666666667
1966	14.325916666666666
1967	14.4065
1968	14.164250000000001
1969	14.212083333333332
1970	14.403250000000002
1971	14.352750000000002
1972	14.164916666666665
1973	14.566
1974	14.08191666666667
1975	14.383666666666665
1976	14.008000000000001
1977	14.4855
1978	14.28125
1979	14.457749999999997
1980	14.672916666666667
1981	14.855166666666667
1982	14.300916666666666
1983	14.679833333333335
1984	14.342666666666666
1985	14.267166666666668
1986	14.51683333333333
1987	14.699833333333332
1988	14.889999999999999
1989	14.6215
1990	14.957666666666668
1991	14.83958333333333
1992	14.471333333333332
1993	14.519750000000002
1994	14.729249999999999
1995	15.026416666666668
1996	14.737249999999998
1997	14.868
1998	15.169416666666665
1999	14.982750000000001
2000	14.898833333333329
2001	15.15916666666667
2002	15.312333333333333
2003	15.249333333333334
2004	15.017999999999995
2005	15.349833333333335
2006	15.262000000000002
2007	15.533083333333332
2008	15.19175
2009	15.266583333333331
2010	15.449
2011	15.284833333333331
2012	15.332833333333333
2013	15.373833333333332
2014	15.313583333333334
2015	15.572666666666665
